Overzicht nieuwe noimage bestelnummers.
10139919
10314489
10186669
10340673
10134495
10160417
10331709
10186908
10293891
10250327
10115987
10039707
10278008
10184499
10302089
10041348
10166385
10295410
10294837
10120785
10037566
10318756
10163182
10279234
10055992
10153649
10173101
10272832
10338093
10050189
10200226
10119232
10259171
10269048
10324560
10055994
10214070
10042061
10060215
10177680
10120494
10142964
10039693
10259592
10268880
10144805
10321792
10357982
10174912
10039733
10174930
10219732
10240291
10028032
10250328
10055995
10315359
10173646
10186667
10330573
10219798
10127229
10253042
10264538
10202297
10133436
10055993
10272698
10201335
10263376
10186668
10347083
10182688
10113184
10267658
10181294
10182689
10161219
10304962
10333379
10338082
10127231
10038248
10038352
10334940
10341272
10118567
10151752
10345349
10180744
10357252
10281150
